7845659931
7845631232
7845624198
7845570904
7845537406
7845444791
7845066035
7845008290
7833622177
7844931786
7844839827
7844743724
7844735710
7844697674
7844507170
7844441370
7844417960
7844351956
7844277200
7844192462
7844152746
7844136271
7844078372
7843862605
7843830234
7843792741
7843703666
7843603585
7843615808
7843527008
7843407948
7843244582
7843046386
7842672860
7842608267
7842612107
7842566837
7842594128
7842423758
7842421596
7842161755
7842080806
7842034882
7842021107
7841400021
7841385893
7841001279
7840574127
7840508157
7840445614
7840408141
7840188852
7840185246
7839838230
7839824713
7839369019
7839256123
7839147728
7838732126
7838626410
7838512712
7838098222
7838400114
7837414738
7838099150
7838049114
7837946184
7837778720
7837752554
7837741695
7837734229
7837721958
7837675760
7837641955
7837542778
7837250564
7837027683
7836655905
7836628366
7836624183
7836542021
7836485713
7836428669
7836326294
7836292750
7836076611
7836056615
7835997550
7835973348
7835680007
7835482391
7835432168
7835398456
7835318344
7835096923
7834953185
